1	2017154	2017-12-31	05,09,13,15,18,26\05
2	2017153	2017-12-28	07,11,12,13,18,19\16
3	2017152	2017-12-26	06,10,23,25,26,29\05
4	2017151	2017-12-24	02,05,07,09,11,27\16
5	2017150	2017-12-21	06,14,19,20,21,23\08
6	2017149	2017-12-19	05,08,15,20,27,30\13
7	2017148	2017-12-17	04,07,11,14,29,32\12
8	2017147	2017-12-14	03,07,20,21,25,31\14
9	2017146	2017-12-12	01,19,25,26,27,33\10
10	2017145	2017-12-10	02,06,12,17,25,28\12
11	2017144	2017-12-07	03,14,16,20,31,32\09
12	2017143	2017-12-05	04,06,09,14,20,29\14
13	2017142	2017-12-03	08,13,14,18,23,33\06
14	2017141	2017-11-30	01,06,07,11,13,15\05
15	2017140	2017-11-28	21,22,25,28,29,30\08
16	2017139	2017-11-26	02,14,20,24,28,32\16
17	2017138	2017-11-23	01,17,24,28,32,33\02
18	2017137	2017-11-21	05,10,20,23,26,31\03
19	2017136	2017-11-19	03,07,10,18,21,24\12
20	2017135	2017-11-16	01,06,07,14,18,26\16
21	2017134	2017-11-14	04,05,11,14,28,32\04
22	2017133	2017-11-12	06,15,17,18,23,30\11
23	2017132	2017-11-09	02,03,05,09,13,28\11
24	2017131	2017-11-07	01,07,10,11,26,27\11
25	2017130	2017-11-05	05,13,14,23,25,31\02
26	2017129	2017-11-02	05,06,09,14,21,33\02
27	2017128	2017-10-31	02,06,13,22,29,31\08
28	2017127	2017-10-29	14,15,21,24,27,32\12
29	2017126	2017-10-26	01,16,17,21,27,30\16
30	2017125	2017-10-24	01,14,23,25,29,30\03
31	2017124	2017-10-22	02,06,11,26,28,29\03
32	2017123	2017-10-19	04,05,06,11,21,31\10
33	2017122	2017-10-17	11,20,21,22,24,27\15
34	2017121	2017-10-15	11,18,19,22,24,32\07
35	2017120	2017-10-12	08,10,15,19,23,28\16
36	2017119	2017-10-10	09,16,21,25,26,31\14
37	2017118	2017-10-08	08,09,15,22,30,33\16
38	2017117	2017-10-05	01,02,08,11,14,21\09
39	2017116	2017-10-03	02,14,20,22,30,32\02
40	2017115	2017-10-01	04,10,11,25,30,31\01
41	2017114	2017-09-28	06,12,13,15,18,26\13
42	2017113	2017-09-26	04,06,16,27,29,33\05
43	2017112	2017-09-24	03,10,14,16,22,23\11
44	2017111	2017-09-21	05,10,17,19,29,32\12
45	2017110	2017-09-19	01,03,12,15,19,23\14
46	2017109	2017-09-17	08,14,16,18,21,23\16
47	2017108	2017-09-14	07,12,14,15,17,20\01
48	2017107	2017-09-12	08,09,15,17,30,32\06
49	2017106	2017-09-10	12,15,20,25,27,31\02
50	2017105	2017-09-07	03,06,07,12,25,26\07
51	2017104	2017-09-05	01,14,15,20,23,30\14
52	2017103	2017-09-03	01,21,23,25,31,33\01
53	2017102	2017-08-31	04,08,10,14,18,20\11
54	2017101	2017-08-29	01,04,11,28,31,32\16
55	2017100	2017-08-27	04,07,08,18,23,24\02
56	2017099	2017-08-24	02,05,06,16,28,29\04
57	2017098	2017-08-22	04,19,22,27,30,33\01
58	2017097	2017-08-20	05,10,18,19,30,31\03
59	2017096	2017-08-17	02,06,11,12,19,29\06
60	2017095	2017-08-15	09,10,12,19,22,29\16
61	2017094	2017-08-13	08,11,13,19,28,31\06
62	2017093	2017-08-10	07,08,09,15,22,27\12
63	2017092	2017-08-08	10,18,19,29,32,33\09
64	2017091	2017-08-06	05,07,10,23,28,29\03
65	2017090	2017-08-03	01,07,10,16,22,33\09
66	2017089	2017-08-01	11,12,13,16,23,25\12
67	2017088	2017-07-30	07,09,18,22,23,29\06
68	2017087	2017-07-27	03,06,13,14,19,28\06
69	2017086	2017-07-25	03,05,06,13,20,22\07
70	2017085	2017-07-23	01,05,06,16,25,30\09
71	2017084	2017-07-20	01,05,11,20,22,24\02
72	2017083	2017-07-18	03,08,14,20,24,26\12
73	2017082	2017-07-16	14,18,21,25,28,29\10
74	2017081	2017-07-13	03,05,14,25,26,30\05
75	2017080	2017-07-11	01,12,16,20,22,24\08
76	2017079	2017-07-09	03,07,14,23,25,27\08
77	2017078	2017-07-06	05,07,18,19,22,24\16
78	2017077	2017-07-04	01,02,04,15,17,22\14
79	2017076	2017-07-02	01,04,08,09,14,15\13
80	2017075	2017-06-29	01,03,06,19,21,29\07
81	2017074	2017-06-27	02,06,16,23,30,31\02
82	2017073	2017-06-25	03,06,16,23,26,30\14
83	2017072	2017-06-22	06,11,14,23,26,30\02
84	2017071	2017-06-20	02,03,06,14,31,32\03
85	2017070	2017-06-18	01,06,14,22,25,26\12
86	2017069	2017-06-15	02,11,12,23,29,31\05
87	2017068	2017-06-13	02,06,10,22,30,31\15
88	2017067	2017-06-11	01,03,04,10,18,29\04
89	2017066	2017-06-08	01,04,06,17,19,26\03
90	2017065	2017-06-06	02,05,08,10,12,21\07
91	2017064	2017-06-04	02,10,16,22,24,28\15
92	2017063	2017-06-01	12,16,20,22,25,31\04
93	2017062	2017-05-30	01,07,22,24,26,31\10
94	2017061	2017-05-28	06,07,12,20,26,27\11
95	2017060	2017-05-25	05,10,13,24,26,31\04
96	2017059	2017-05-23	04,08,09,15,19,25\09
97	2017058	2017-05-21	01,09,13,22,28,32\11
98	2017057	2017-05-18	18,20,22,23,30,31\16
99	2017056	2017-05-16	13,14,18,19,21,28\06
100	2017055	2017-05-14	07,12,13,20,24,31\05
101	2017054	2017-05-11	02,03,09,23,28,33\08
102	2017053	2017-05-09	04,09,11,15,29,31\06
103	2017052	2017-05-07	07,08,18,24,29,31\07
104	2017051	2017-05-04	02,05,09,15,24,25\11
105	2017050	2017-05-02	10,12,20,24,27,29\07
106	2017049	2017-04-30	01,08,14,15,20,29\10
107	2017048	2017-04-27	05,08,09,14,15,19\07
108	2017047	2017-04-25	02,05,08,10,32,33\02
109	2017046	2017-04-23	04,13,14,23,26,32\10
110	2017045	2017-04-20	05,07,16,20,21,25\05
111	2017044	2017-04-18	08,16,19,21,31,32\06
112	2017043	2017-04-16	08,13,16,23,27,31\08
113	2017042	2017-04-13	01,02,04,07,10,23\04
114	2017041	2017-04-11	04,10,13,15,22,27\04
115	2017040	2017-04-09	15,19,23,28,29,33\04
116	2017039	2017-04-06	02,04,12,14,17,24\15
117	2017038	2017-04-04	01,04,08,13,24,27\05
118	2017037	2017-04-02	11,15,20,22,25,30\05
119	2017036	2017-03-30	01,02,05,10,24,27\15
120	2017035	2017-03-28	01,06,14,24,28,32\12
121	2017034	2017-03-26	04,07,08,19,32,33\13
122	2017033	2017-03-23	05,07,15,20,23,30\15
123	2017032	2017-03-21	05,08,15,24,27,31\11
124	2017031	2017-03-19	06,10,16,26,27,29\03
125	2017030	2017-03-16	01,07,09,20,23,30\02
126	2017029	2017-03-14	02,15,21,23,25,30\10
127	2017028	2017-03-12	07,08,12,13,22,30\09
128	2017027	2017-03-09	02,04,11,14,27,30\05
129	2017026	2017-03-07	03,10,12,19,27,30\08
130	2017025	2017-03-05	02,15,16,17,22,32\07
131	2017024	2017-03-02	09,21,25,26,29,31\13
132	2017023	2017-02-28	01,03,04,11,18,22\14
133	2017022	2017-02-26	02,06,15,16,18,32\15
134	2017021	2017-02-23	02,05,10,22,32,33\09
135	2017020	2017-02-21	04,08,10,12,31,33\10
136	2017019	2017-02-19	04,06,08,12,23,25\08
137	2017018	2017-02-16	01,02,03,17,25,31\09
138	2017017	2017-02-14	03,07,08,10,22,23\12
139	2017016	2017-02-12	05,08,16,22,27,29\02
140	2017015	2017-02-09	01,08,09,14,17,32\01
141	2017014	2017-02-07	06,08,18,20,23,31\13
142	2017013	2017-02-05	08,11,28,29,31,33\06
143	2017012	2017-01-26	10,11,14,15,16,24\07
144	2017011	2017-01-24	10,11,12,23,26,29\16
145	2017010	2017-01-22	05,08,19,25,28,30\07
146	2017009	2017-01-19	02,06,08,09,15,29\14
147	2017008	2017-01-17	07,13,15,27,28,29\13
148	2017007	2017-01-15	02,04,05,24,26,33\15
149	2017006	2017-01-12	02,04,08,26,29,33\08
150	2017005	2017-01-10	06,11,12,22,23,30\05
151	2017004	2017-01-08	05,13,17,26,27,30\07
152	2017003	2017-01-05	01,04,08,15,27,32\16
153	2017002	2017-01-03	15,19,23,24,25,32\03
154	2017001	2017-01-01	09,11,14,20,25,26\15
