1	2015154	2015-12-31	07,09,11,15,18,25\07
2	2015153	2015-12-29	08,11,15,22,27,29\03
3	2015152	2015-12-27	11,18,19,21,29,32\12
4	2015151	2015-12-24	05,06,08,23,31,32\11
5	2015150	2015-12-22	01,03,08,11,29,31\13
6	2015149	2015-12-20	09,10,20,21,22,33\09
7	2015148	2015-12-17	09,13,14,22,26,27\07
8	2015147	2015-12-15	08,09,16,23,24,30\05
9	2015146	2015-12-13	16,17,21,28,30,32\15
10	2015145	2015-12-10	07,08,15,19,20,24\13
11	2015144	2015-12-08	01,04,07,15,28,32\16
12	2015143	2015-12-06	13,15,19,20,21,32\04
13	2015142	2015-12-03	13,17,19,20,22,25\11
14	2015141	2015-12-01	03,08,19,25,27,28\02
15	2015140	2015-11-29	06,20,28,29,30,31\12
16	2015139	2015-11-26	01,10,13,18,25,27\09
17	2015138	2015-11-24	01,02,08,16,19,24\11
18	2015137	2015-11-22	14,22,23,27,28,31\12
19	2015136	2015-11-19	02,05,12,23,28,29\01
20	2015135	2015-11-17	01,12,14,18,26,32\07
21	2015134	2015-11-15	02,05,14,19,27,31\04
22	2015133	2015-11-12	02,03,13,20,22,24\15
23	2015132	2015-11-10	03,05,11,28,30,33\01
24	2015131	2015-11-08	10,12,13,19,22,26\03
25	2015130	2015-11-05	06,14,15,16,17,22\10
26	2015129	2015-11-03	05,08,11,16,18,27\04
27	2015128	2015-11-01	01,03,08,11,22,28\06
28	2015127	2015-10-29	07,10,19,22,27,33\06
29	2015126	2015-10-27	10,11,15,20,23,29\12
30	2015125	2015-10-25	05,13,22,27,30,33\10
31	2015124	2015-10-22	02,03,05,12,18,27\01
32	2015123	2015-10-20	05,08,09,12,22,28\07
33	2015122	2015-10-18	05,07,11,16,22,25\07
34	2015121	2015-10-15	01,03,20,21,28,29\12
35	2015120	2015-10-13	16,21,24,26,27,29\16
36	2015119	2015-10-11	02,08,10,18,23,31\08
37	2015118	2015-10-08	01,04,11,21,23,31\12
38	2015117	2015-10-06	04,11,12,18,26,32\12
39	2015116	2015-10-04	04,06,15,23,26,28\11
40	2015115	2015-10-01	01,07,08,14,24,32\03
41	2015114	2015-09-29	04,07,09,13,21,26\01
42	2015113	2015-09-27	01,05,07,08,19,27\12
43	2015112	2015-09-24	01,03,10,19,20,27\11
44	2015111	2015-09-22	08,14,16,18,20,30\12
45	2015110	2015-09-20	05,07,16,17,22,23\04
46	2015109	2015-09-17	01,08,09,16,32,33\13
47	2015108	2015-09-15	02,12,19,22,24,27\15
48	2015107	2015-09-13	07,14,16,18,21,25\08
49	2015106	2015-09-10	01,03,04,23,31,32\13
50	2015105	2015-09-08	09,10,16,19,20,26\12
51	2015104	2015-09-06	09,18,21,23,25,26\01
52	2015103	2015-09-03	06,08,13,26,30,32\14
53	2015102	2015-09-01	07,09,12,14,21,23\06
54	2015101	2015-08-30	08,16,22,24,28,29\05
55	2015100	2015-08-27	02,03,11,17,19,21\08
56	2015099	2015-08-25	06,07,10,11,14,22\09
57	2015098	2015-08-23	06,09,13,26,27,33\01
58	2015097	2015-08-20	09,12,14,20,26,27\04
59	2015096	2015-08-18	06,16,17,23,24,31\07
60	2015095	2015-08-16	04,15,21,28,30,31\04
61	2015094	2015-08-13	01,04,06,13,16,17\10
62	2015093	2015-08-11	01,03,13,21,25,31\08
63	2015092	2015-08-09	09,15,19,21,26,27\01
64	2015091	2015-08-06	05,07,17,19,22,31\11
65	2015090	2015-08-04	10,12,14,22,25,33\15
66	2015089	2015-08-02	12,14,19,27,28,29\01
67	2015088	2015-07-30	02,12,20,24,29,31\09
68	2015087	2015-07-28	09,15,16,19,20,28\11
69	2015086	2015-07-26	05,06,08,16,18,22\12
70	2015085	2015-07-23	02,08,25,27,28,29\05
71	2015084	2015-07-21	15,18,20,22,28,29\15
72	2015083	2015-07-19	06,07,16,18,29,32\05
73	2015082	2015-07-16	02,08,09,14,28,30\07
74	2015081	2015-07-14	13,20,22,26,28,31\13
75	2015080	2015-07-12	14,17,25,27,28,30\02
76	2015079	2015-07-09	09,14,15,20,26,32\11
77	2015078	2015-07-07	03,07,20,22,26,29\02
78	2015077	2015-07-05	01,06,08,10,13,27\16
79	2015076	2015-07-02	01,09,10,19,23,27\09
80	2015075	2015-06-30	06,11,13,19,21,32\04
81	2015074	2015-06-28	04,07,21,25,26,29\08
82	2015073	2015-06-25	01,02,17,22,26,27\04
83	2015072	2015-06-23	01,03,05,20,21,31\05
84	2015071	2015-06-21	08,18,20,28,29,31\08
85	2015070	2015-06-18	01,07,13,19,21,29\15
86	2015069	2015-06-16	01,13,17,18,23,30\15
87	2015068	2015-06-14	06,15,18,21,26,27\10
88	2015067	2015-06-11	02,05,08,24,25,31\14
89	2015066	2015-06-09	05,08,11,17,24,28\16
90	2015065	2015-06-07	08,10,14,19,26,29\12
91	2015064	2015-06-04	11,12,14,17,23,27\01
92	2015063	2015-06-02	01,07,09,16,22,32\12
93	2015062	2015-05-31	09,14,15,18,21,26\16
94	2015061	2015-05-28	06,18,22,26,32,33\04
95	2015060	2015-05-26	01,03,18,27,31,32\13
96	2015059	2015-05-24	02,06,09,16,25,32\14
97	2015058	2015-05-21	02,09,10,18,19,20\15
98	2015057	2015-05-19	09,20,24,25,26,32\04
99	2015056	2015-05-17	01,07,08,16,18,20\14
100	2015055	2015-05-14	01,10,15,18,19,28\02
101	2015054	2015-05-12	01,02,07,10,22,26\07
102	2015053	2015-05-10	03,07,17,22,32,33\10
103	2015052	2015-05-07	02,04,11,16,25,26\12
104	2015051	2015-05-05	04,10,24,26,28,32\09
105	2015050	2015-05-03	03,09,12,16,17,31\04
106	2015049	2015-04-30	07,12,14,17,20,23\05
107	2015048	2015-04-28	13,16,17,22,25,27\10
108	2015047	2015-04-26	02,03,20,24,26,27\09
109	2015046	2015-04-23	05,07,10,14,23,31\01
110	2015045	2015-04-21	01,05,13,22,30,31\07
111	2015044	2015-04-19	02,03,04,13,14,16\02
112	2015043	2015-04-16	11,12,15,24,26,27\15
113	2015042	2015-04-14	09,10,19,21,23,32\08
114	2015041	2015-04-12	04,09,11,17,21,25\06
115	2015040	2015-04-09	13,16,18,27,30,32\16
116	2015039	2015-04-07	01,13,15,26,29,30\12
117	2015038	2015-04-05	05,06,11,12,14,33\14
118	2015037	2015-04-02	05,07,12,18,28,31\03
119	2015036	2015-03-31	04,06,16,17,26,33\03
120	2015035	2015-03-29	01,08,09,22,24,33\03
121	2015034	2015-03-26	12,13,17,18,20,27\13
122	2015033	2015-03-24	03,06,21,29,31,32\05
123	2015032	2015-03-22	11,14,16,18,29,32\16
124	2015031	2015-03-19	01,05,07,22,26,32\11
125	2015030	2015-03-17	08,11,14,15,16,26\07
126	2015029	2015-03-15	07,14,15,19,21,28\07
127	2015028	2015-03-12	04,07,10,26,27,28\14
128	2015027	2015-03-10	05,07,09,16,26,29\07
129	2015026	2015-03-08	02,13,17,21,22,33\13
130	2015025	2015-03-05	10,11,12,15,27,32\14
131	2015024	2015-03-03	09,11,16,18,23,24\10
132	2015023	2015-03-01	08,09,10,13,29,30\01
133	2015022	2015-02-26	04,07,10,16,23,25\10
134	2015021	2015-02-17	14,15,16,17,27,28\08
135	2015020	2015-02-15	01,04,07,19,22,23\04
136	2015019	2015-02-12	02,06,11,19,25,26\04
137	2015018	2015-02-10	06,09,12,14,28,29\09
138	2015017	2015-02-08	13,18,20,25,27,33\12
139	2015016	2015-02-05	02,06,10,15,17,31\13
140	2015015	2015-02-03	01,07,20,24,25,33\04
141	2015014	2015-02-01	02,12,16,19,27,30\11
142	2015013	2015-01-29	08,09,24,25,26,29\01
143	2015012	2015-01-27	03,05,22,23,29,31\06
144	2015011	2015-01-25	04,14,15,17,18,20\15
