10	2014143	2014-12-09	03,12,18,20,25,26\16
11	2014142	2014-12-07	06,21,22,23,25,28\13
12	2014141	2014-12-04	08,09,11,16,21,24\10
13	2014140	2014-12-02	06,10,11,14,17,33\06
14	2014139	2014-11-30	01,14,15,20,25,29\11
15	2014138	2014-11-27	04,06,13,29,31,33\13
16	2014137	2014-11-25	03,06,09,11,25,29\09
17	2014136	2014-11-23	03,16,19,27,31,32\10
18	2014135	2014-11-20	02,04,11,13,25,33\01
19	2014134	2014-11-18	05,16,22,23,26,28\02
20	2014133	2014-11-16	13,14,16,23,30,31\13
21	2014132	2014-11-13	05,06,14,15,18,33\08
22	2014131	2014-11-11	05,17,21,22,28,32\14
23	2014130	2014-11-09	01,02,10,24,30,33\10
24	2014129	2014-11-06	05,08,09,20,28,32\02
25	2014128	2014-11-04	05,07,08,17,18,24\14
26	2014127	2014-11-02	02,10,12,21,23,27\12
27	2014126	2014-10-30	06,11,16,17,22,27\01
28	2014125	2014-10-28	10,11,15,26,31,32\06
29	2014124	2014-10-26	02,17,20,24,31,33\04
30	2014123	2014-10-23	01,06,11,17,28,33\05
31	2014122	2014-10-21	06,09,11,16,20,29\11
32	2014121	2014-10-19	01,02,13,22,28,30\09
33	2014120	2014-10-16	01,07,12,16,23,28\04
34	2014119	2014-10-14	06,13,17,20,26,29\09
35	2014118	2014-10-12	05,07,15,18,26,30\03
36	2014117	2014-10-09	05,10,17,25,28,29\04
37	2014116	2014-10-07	09,10,14,15,19,29\16
38	2014115	2014-10-05	01,09,10,11,13,32\03
39	2014114	2014-10-02	02,07,23,30,32,33\10
40	2014113	2014-09-30	12,14,28,31,32,33\07
41	2014112	2014-09-28	01,15,16,21,24,30\03
42	2014111	2014-09-25	02,08,17,20,22,28\02
43	2014110	2014-09-23	01,08,11,13,19,30\06
44	2014109	2014-09-21	02,05,11,15,19,28\02
45	2014108	2014-09-18	03,08,09,20,23,28\02
46	2014107	2014-09-16	11,14,17,22,25,27\16
47	2014106	2014-09-14	09,14,17,18,21,25\15
48	2014105	2014-09-11	14,16,17,19,27,32\04
49	2014104	2014-09-09	02,06,12,19,27,28\13
50	2014103	2014-09-07	03,08,09,10,18,33\04
51	2014102	2014-09-04	14,16,21,24,28,31\13
52	2014101	2014-09-02	16,18,20,23,24,32\07
53	2014100	2014-08-31	01,06,09,10,14,16\11
54	2014099	2014-08-28	01,05,10,11,13,32\14
55	2014098	2014-08-26	02,13,17,20,29,31\07
56	2014097	2014-08-24	07,13,24,25,27,32\15
57	2014096	2014-08-21	12,14,17,19,22,24\08
58	2014095	2014-08-19	05,06,08,14,22,31\08
59	2014094	2014-08-17	01,10,18,20,23,29\01
60	2014093	2014-08-14	02,08,09,10,20,29\05
61	2014092	2014-08-12	03,13,18,19,22,26\07
62	2014091	2014-08-10	01,05,12,19,27,29\14
63	2014090	2014-08-07	05,09,11,19,24,32\13
64	2014089	2014-08-05	04,06,14,17,27,30\09
65	2014088	2014-08-03	03,06,11,14,16,29\15
66	2014087	2014-07-31	06,18,22,23,32,33\06
67	2014086	2014-07-29	02,04,10,12,14,30\08
68	2014085	2014-07-27	01,02,11,19,23,29\08
69	2014084	2014-07-24	01,06,09,10,13,25\08
70	2014083	2014-07-22	05,06,19,21,23,33\12
71	2014082	2014-07-20	02,04,20,25,26,29\11
72	2014081	2014-07-17	08,14,22,24,27,29\10
73	2014080	2014-07-15	05,14,16,17,25,30\07
74	2014079	2014-07-13	02,07,16,22,27,28\02
75	2014078	2014-07-10	02,03,05,06,09,17\07
76	2014077	2014-07-08	08,09,12,15,19,22\10
77	2014076	2014-07-06	06,10,12,17,18,33\11
78	2014075	2014-07-03	03,09,11,22,27,29\06
79	2014074	2014-07-01	01,03,06,13,30,31\12
80	2014073	2014-06-29	01,12,16,20,30,33\02
81	2014072	2014-06-26	01,03,07,13,19,32\16
82	2014071	2014-06-24	02,04,12,17,22,25\14
83	2014070	2014-06-22	01,07,09,19,28,29\07
84	2014069	2014-06-19	05,12,17,19,25,30\11
85	2014068	2014-06-17	04,12,13,22,27,29\16
86	2014067	2014-06-15	01,06,07,17,18,23\06
87	2014066	2014-06-12	02,05,15,17,18,21\16
88	2014065	2014-06-10	03,04,05,08,10,22\06
89	2014064	2014-06-08	02,09,15,16,29,32\14
90	2014063	2014-06-05	03,08,17,21,22,31\16
91	2014062	2014-06-03	06,09,15,24,25,26\09
92	2014061	2014-06-01	02,14,17,27,28,31\08
93	2014060	2014-05-29	03,05,14,18,25,33\06
94	2014059	2014-05-27	05,08,12,13,23,25\13
95	2014058	2014-05-25	02,03,12,13,14,25\11
96	2014057	2014-05-22	02,04,12,18,23,31\08
97	2014056	2014-05-20	01,11,18,20,28,29\01
98	2014055	2014-05-18	02,09,14,19,21,30\04
99	2014054	2014-05-15	01,04,05,11,29,30\14
100	2014053	2014-05-13	14,17,19,22,26,31\02
101	2014052	2014-05-11	09,13,15,28,30,33\08
102	2014051	2014-05-08	10,16,19,21,23,24\13
103	2014050	2014-05-06	03,17,23,25,26,32\13
104	2014049	2014-05-04	06,07,16,17,23,32\06
105	2014048	2014-05-01	06,09,16,17,24,25\16
106	2014047	2014-04-29	08,10,11,12,19,29\15
107	2014046	2014-04-27	02,10,11,17,18,22\10
108	2014045	2014-04-24	02,04,09,11,19,22\15
109	2014044	2014-04-22	04,09,21,27,28,33\12
110	2014043	2014-04-20	02,05,09,14,24,33\09
111	2014042	2014-04-17	12,15,20,25,28,33\14
112	2014041	2014-04-15	07,11,16,18,21,22\02
113	2014040	2014-04-13	03,04,06,11,12,15\08
114	2014039	2014-04-10	03,11,15,19,20,31\07
115	2014038	2014-04-08	04,07,22,23,24,33\16
116	2014037	2014-04-06	06,13,14,24,25,30\07
117	2014036	2014-04-03	01,07,08,09,11,22\03
118	2014035	2014-04-01	07,08,09,17,32,33\06
119	2014034	2014-03-30	01,03,04,08,25,31\06
120	2014033	2014-03-27	05,13,23,28,32,33\12
121	2014032	2014-03-25	01,02,14,22,29,33\07
122	2014031	2014-03-23	04,10,16,17,21,27\14
123	2014030	2014-03-20	12,18,19,23,24,30\10
124	2014029	2014-03-18	02,07,14,16,21,29\14
125	2014028	2014-03-16	06,16,21,27,30,32\05
126	2014027	2014-03-13	08,10,14,16,30,31\01
127	2014026	2014-03-11	01,02,05,06,11,23\14
128	2014025	2014-03-09	01,05,10,14,16,30\16
129	2014024	2014-03-06	08,10,16,20,23,30\09
130	2014023	2014-03-04	07,09,13,17,21,22\10
131	2014022	2014-03-02	04,06,07,10,21,26\16
132	2014021	2014-02-27	08,10,15,17,22,29\12
133	2014020	2014-02-25	09,14,17,23,24,25\15
134	2014019	2014-02-23	02,10,15,19,20,21\07
135	2014018	2014-02-20	13,17,18,21,30,33\15
136	2014017	2014-02-18	04,06,07,14,25,26\10
137	2014016	2014-02-16	02,03,07,13,21,24\08
138	2014015	2014-02-13	02,11,19,30,32,33\09
139	2014014	2014-02-11	04,09,19,22,25,29\15
140	2014013	2014-02-09	05,09,13,15,17,21\13
141	2014012	2014-01-28	01,08,11,19,21,24\08
142	2014011	2014-01-26	09,10,13,14,21,32\02
143	2014010	2014-01-23	05,07,08,20,31,33\11
144	2014009	2014-01-21	08,09,19,20,25,32\16
145	2014008	2014-01-19	05,14,16,21,29,30\12
146	2014007	2014-01-16	08,10,12,14,18,28\14
147	2014006	2014-01-14	03,04,07,17,21,27\14
148	2014005	2014-01-12	15,18,23,27,32,33\04
149	2014004	2014-01-09	01,04,19,22,24,25\15
150	2014003	2014-01-07	06,10,11,28,30,33\12
151	2014002	2014-01-05	04,21,23,31,32,33\04
152	2014001	2014-01-02	03,09,15,20,27,29\01
