1	2013154	2013-12-31	07,11,14,19,24,29\05
2	2013153	2013-12-29	08,11,13,18,28,33\10
3	2013152	2013-12-26	04,06,14,16,18,29\05
4	2013151	2013-12-24	03,09,10,19,28,33\09
5	2013150	2013-12-22	01,15,16,25,26,29\10
6	2013149	2013-12-19	09,18,25,26,30,32\11
7	2013148	2013-12-17	06,11,12,14,17,22\01
8	2013147	2013-12-15	02,15,16,17,19,30\08
9	2013146	2013-12-12	08,20,25,30,32,33\01
10	2013145	2013-12-10	06,10,13,16,23,24\15
11	2013144	2013-12-08	05,07,12,19,27,31\02
12	2013143	2013-12-05	12,18,21,22,27,32\11
13	2013142	2013-12-03	11,12,14,20,22,29\14
14	2013141	2013-12-01	03,04,05,25,30,31\04
15	2013140	2013-11-28	01,05,12,13,21,22\10
16	2013139	2013-11-26	07,08,11,13,21,27\08
17	2013138	2013-11-24	04,15,16,24,27,28\03
18	2013137	2013-11-21	04,17,19,23,24,27\10
19	2013136	2013-11-19	04,06,14,16,18,26\06
20	2013135	2013-11-17	09,23,24,25,29,31\12
21	2013134	2013-11-14	01,17,18,19,25,29\10
22	2013133	2013-11-12	04,07,12,19,22,25\01
23	2013132	2013-11-10	20,21,22,23,25,27\12
24	2013131	2013-11-07	04,06,12,17,19,26\09
25	2013130	2013-11-05	01,03,15,16,31,33\08
26	2013129	2013-11-03	05,06,10,14,27,31\14
27	2013128	2013-10-31	07,13,17,19,25,31\08
28	2013127	2013-10-29	02,03,13,20,22,33\14
29	2013126	2013-10-27	04,10,19,27,31,33\16
30	2013125	2013-10-24	04,06,08,18,25,28\16
31	2013124	2013-10-22	03,09,15,23,25,30\07
32	2013123	2013-10-20	01,02,06,11,17,25\02
33	2013122	2013-10-17	07,10,13,15,26,27\11
34	2013121	2013-10-15	04,05,06,07,25,27\07
35	2013120	2013-10-13	05,06,13,18,23,31\11
36	2013119	2013-10-10	05,15,20,22,26,32\09
37	2013118	2013-10-08	02,03,17,22,32,33\16
38	2013117	2013-10-06	09,12,13,24,27,33\16
39	2013116	2013-10-03	12,15,21,26,32,33\07
40	2013115	2013-10-01	03,12,16,17,18,27\08
41	2013114	2013-09-29	04,06,17,21,23,33\07
42	2013113	2013-09-26	04,07,11,17,24,33\09
43	2013112	2013-09-24	01,06,12,13,22,31\07
44	2013111	2013-09-22	01,02,03,06,08,33\13
45	2013110	2013-09-19	15,17,18,21,29,32\13
46	2013109	2013-09-17	09,23,24,27,29,32\08
47	2013108	2013-09-15	16,21,22,28,31,32\05
48	2013107	2013-09-12	07,09,11,17,28,31\11
49	2013106	2013-09-10	09,11,23,30,31,32\06
50	2013105	2013-09-08	01,11,23,27,31,32\09
51	2013104	2013-09-05	01,02,04,15,17,28\11
52	2013103	2013-09-03	02,04,09,13,18,20\07
53	2013102	2013-09-01	02,04,05,06,08,16\03
54	2013101	2013-08-29	05,07,09,23,27,32\01
55	2013100	2013-08-27	04,08,11,14,16,20\11
56	2013099	2013-08-25	05,11,20,21,26,31\03
57	2013098	2013-08-22	07,15,18,19,20,26\14
58	2013097	2013-08-20	05,14,17,22,23,25\07
59	2013096	2013-08-18	01,02,22,28,29,30\15
60	2013095	2013-08-15	01,06,15,19,28,29\10
61	2013094	2013-08-13	02,04,14,18,20,22\07
62	2013093	2013-08-11	01,02,08,26,29,31\14
63	2013092	2013-08-08	07,11,15,21,26,31\06
64	2013091	2013-08-06	04,14,24,25,28,31\10
65	2013090	2013-08-04	02,05,11,23,24,29\08
66	2013089	2013-08-01	04,08,12,19,21,25\13
67	2013088	2013-07-30	09,15,20,21,22,24\14
68	2013087	2013-07-28	02,13,19,23,24,28\05
69	2013086	2013-07-25	02,04,11,13,16,26\11
70	2013085	2013-07-23	02,08,12,14,16,32\16
71	2013084	2013-07-21	05,07,09,11,20,21\03
72	2013083	2013-07-18	05,06,12,14,19,23\09
73	2013082	2013-07-16	04,13,14,20,22,30\06
74	2013081	2013-07-14	01,04,10,13,21,31\13
75	2013080	2013-07-11	10,11,12,23,28,32\16
76	2013079	2013-07-09	07,13,17,19,22,26\13
77	2013078	2013-07-07	03,05,17,18,26,27\15
78	2013077	2013-07-04	09,14,23,24,26,29\03
79	2013076	2013-07-02	14,23,24,26,29,30\03
80	2013075	2013-06-30	04,06,09,25,30,33\14
81	2013074	2013-06-27	03,06,08,14,19,32\03
82	2013073	2013-06-25	02,09,13,17,20,28\11
83	2013072	2013-06-23	02,08,11,14,19,33\09
84	2013071	2013-06-20	05,12,21,23,26,28\09
85	2013070	2013-06-18	02,03,09,10,28,30\06
86	2013069	2013-06-16	07,16,17,18,30,33\06
87	2013068	2013-06-13	02,07,13,20,25,27\06
88	2013067	2013-06-11	01,04,09,15,22,30\06
89	2013066	2013-06-09	01,03,16,17,20,32\07
90	2013065	2013-06-06	07,18,19,23,29,30\02
91	2013064	2013-06-04	01,09,13,22,25,32\12
92	2013063	2013-06-02	10,15,18,20,23,31\12
93	2013062	2013-05-30	01,06,07,19,22,27\02
94	2013061	2013-05-28	05,06,07,12,13,18\12
95	2013060	2013-05-26	05,07,10,13,19,20\15
96	2013059	2013-05-23	03,10,18,24,27,29\09
97	2013058	2013-05-21	08,11,17,21,23,24\05
98	2013057	2013-05-19	13,16,19,23,26,28\05
99	2013056	2013-05-16	03,12,25,26,28,29\16
100	2013055	2013-05-14	08,18,19,22,27,32\06
101	2013054	2013-05-12	03,04,08,14,21,28\14
102	2013053	2013-05-09	03,12,13,22,30,33\14
103	2013052	2013-05-07	06,07,14,21,22,24\13
104	2013051	2013-05-05	08,12,15,19,28,29\02
105	2013050	2013-05-02	03,07,13,18,22,25\03
106	2013049	2013-04-30	10,13,14,16,21,32\14
107	2013048	2013-04-28	10,13,17,28,30,32\04
108	2013047	2013-04-25	01,08,11,17,27,30\12
109	2013046	2013-04-23	03,16,19,20,24,26\06
110	2013045	2013-04-21	06,07,08,14,23,31\12
111	2013044	2013-04-18	03,05,11,18,26,28\06
112	2013043	2013-04-16	03,06,14,15,17,25\16
113	2013042	2013-04-14	01,08,12,13,15,33\03
114	2013041	2013-04-11	02,10,12,17,23,24\05
115	2013040	2013-04-09	02,04,10,12,17,30\10
116	2013039	2013-04-07	01,02,14,15,24,29\06
117	2013038	2013-04-04	09,10,12,14,15,19\11
118	2013037	2013-04-02	02,15,18,27,28,32\14
119	2013036	2013-03-31	04,05,09,27,29,31\13
120	2013035	2013-03-28	01,14,15,17,26,30\02
121	2013034	2013-03-26	06,15,20,22,26,33\09
122	2013033	2013-03-24	05,06,13,17,19,28\01
123	2013032	2013-03-21	04,21,25,29,30,33\03
124	2013031	2013-03-19	03,13,14,15,21,33\03
125	2013030	2013-03-17	07,14,18,25,26,29\06
126	2013029	2013-03-14	06,07,10,19,23,29\12
127	2013028	2013-03-12	07,08,14,25,26,28\13
128	2013027	2013-03-10	01,02,04,12,21,24\12
129	2013026	2013-03-07	04,11,14,15,22,31\11
130	2013025	2013-03-05	16,17,18,24,25,30\08
131	2013024	2013-03-03	04,05,13,23,27,30\09
132	2013023	2013-02-28	03,06,15,18,30,32\05
133	2013022	2013-02-26	02,04,07,09,15,20\07
134	2013021	2013-02-24	01,06,17,19,26,31\11
135	2013020	2013-02-21	01,07,08,12,16,21\01
136	2013019	2013-02-19	01,02,05,16,20,26\06
137	2013018	2013-02-17	02,08,13,28,29,30\05
138	2013017	2013-02-07	04,06,12,30,31,32\09
139	2013016	2013-02-05	02,05,06,12,14,28\05
140	2013015	2013-02-03	05,06,07,11,13,18\15
141	2013014	2013-01-31	02,04,05,17,19,20\08
142	2013013	2013-01-29	05,06,13,19,22,28\09
143	2013012	2013-01-27	06,14,17,22,28,29\02
144	2013011	2013-01-24	03,12,17,24,27,29\09
145	2013010	2013-01-22	01,09,11,17,32,33\12
146	2013009	2013-01-20	01,04,09,13,16,23\02
147	2013008	2013-01-17	03,08,17,21,25,32\15
148	2013007	2013-01-15	02,09,15,22,26,32\01
149	2013006	2013-01-13	09,10,13,17,22,30\13
150	2013005	2013-01-10	01,13,14,25,31,32\12
151	2013004	2013-01-08	06,10,16,20,27,32\08
152	2013003	2013-01-06	22,23,26,27,28,33\09
153	2013002	2013-01-03	01,16,18,22,28,30\12
154	2013001	2013-01-01	06,08,14,15,24,25\06
