1	2011153	2011-12-29	05,08,09,10,20,25\13
2	2011152	2011-12-27	04,10,11,12,21,26\13
3	2011151	2011-12-25	07,11,16,19,31,33\10
4	2011150	2011-12-22	08,10,12,15,22,27\13
5	2011149	2011-12-20	04,05,06,07,23,31\16
6	2011148	2011-12-18	05,14,22,23,25,26\14
7	2011147	2011-12-15	04,08,12,17,18,30\10
8	2011146	2011-12-13	11,23,26,28,32,33\10
9	2011145	2011-12-11	02,04,14,15,26,30\04
10	2011144	2011-12-08	01,02,09,10,16,24\03
11	2011143	2011-12-06	07,08,12,14,15,30\16
12	2011142	2011-12-04	12,15,16,26,29,31\02
13	2011141	2011-12-01	02,04,06,19,24,29\11
14	2011140	2011-11-29	04,18,20,22,27,29\06
15	2011139	2011-11-27	08,20,24,27,30,31\03
16	2011138	2011-11-24	01,05,15,24,28,32\07
17	2011137	2011-11-22	02,11,18,23,30,33\13
18	2011136	2011-11-20	02,04,06,20,22,31\07
19	2011135	2011-11-17	12,13,17,20,25,26\12
20	2011134	2011-11-15	01,02,06,07,30,31\10
21	2011133	2011-11-13	12,14,20,21,25,31\16
22	2011132	2011-11-10	02,05,12,13,25,33\07
23	2011131	2011-11-08	02,07,09,17,21,25\01
24	2011130	2011-11-06	07,14,18,23,25,32\15
25	2011129	2011-11-03	07,10,11,21,23,26\06
26	2011128	2011-11-01	09,11,14,17,19,23\12
27	2011127	2011-10-30	16,19,22,23,27,29\11
28	2011126	2011-10-27	03,07,13,18,23,26\16
29	2011125	2011-10-25	03,10,15,24,27,32\08
30	2011124	2011-10-23	09,18,19,26,31,32\16
31	2011123	2011-10-20	01,04,05,14,19,28\16
32	2011122	2011-10-18	10,12,18,26,27,31\03
33	2011121	2011-10-16	04,14,22,25,32,33\02
34	2011120	2011-10-13	04,14,17,28,30,33\07
35	2011119	2011-10-11	09,12,14,19,28,32\01
36	2011118	2011-10-09	05,06,11,14,20,21\10
37	2011117	2011-10-06	08,10,19,26,28,30\04
38	2011116	2011-10-04	01,07,11,12,17,27\05
39	2011115	2011-10-02	07,08,09,12,17,33\16
40	2011114	2011-09-29	01,14,15,16,30,32\09
41	2011113	2011-09-27	06,10,11,25,32,33\05
42	2011112	2011-09-25	03,05,16,18,23,24\15
43	2011111	2011-09-22	01,03,05,20,25,27\04
44	2011110	2011-09-20	12,14,21,26,28,33\12
45	2011109	2011-09-18	01,03,09,15,16,33\15
46	2011108	2011-09-15	02,17,22,26,29,33\10
47	2011107	2011-09-13	04,09,16,17,22,29\15
48	2011106	2011-09-11	02,11,12,14,24,32\14
49	2011105	2011-09-08	04,06,23,25,27,28\01
50	2011104	2011-09-06	09,10,16,20,25,29\09
51	2011103	2011-09-04	04,05,10,13,15,16\12
52	2011102	2011-09-01	01,05,13,21,27,31\11
53	2011101	2011-08-30	06,10,19,23,29,31\06
54	2011100	2011-08-28	07,11,21,23,31,32\05
55	2011099	2011-08-25	10,12,13,21,26,27\14
56	2011098	2011-08-23	03,07,20,21,22,32\05
57	2011097	2011-08-21	09,17,19,20,21,26\16
58	2011096	2011-08-18	01,04,07,13,14,19\15
59	2011095	2011-08-16	03,07,08,10,23,24\05
60	2011094	2011-08-14	09,11,12,17,18,19\05
61	2011093	2011-08-11	04,07,11,13,23,30\09
62	2011092	2011-08-09	05,10,17,26,31,32\04
63	2011091	2011-08-07	09,15,21,23,28,30\03
64	2011090	2011-08-04	02,05,14,18,21,25\16
65	2011089	2011-08-02	01,02,11,24,29,30\12
66	2011088	2011-07-31	03,09,17,20,21,29\04
67	2011087	2011-07-28	02,03,04,05,18,28\01
68	2011086	2011-07-26	06,07,09,12,17,24\09
69	2011085	2011-07-24	03,06,11,21,24,31\10
70	2011084	2011-07-21	09,10,12,16,18,32\15
71	2011083	2011-07-19	07,16,18,24,28,29\06
72	2011082	2011-07-17	07,16,17,20,25,26\04
73	2011081	2011-07-14	06,14,19,23,25,32\12
74	2011080	2011-07-12	02,07,09,25,31,32\09
75	2011079	2011-07-10	03,14,15,16,24,29\05
76	2011078	2011-07-07	03,05,13,20,22,29\09
77	2011077	2011-07-05	01,07,08,15,26,29\10
78	2011076	2011-07-03	06,19,21,26,32,33\13
79	2011075	2011-06-30	07,09,10,12,31,32\13
80	2011074	2011-06-28	02,21,26,28,29,32\01
81	2011073	2011-06-26	03,04,05,12,17,21\14
82	2011072	2011-06-23	01,06,10,11,18,27\12
83	2011071	2011-06-21	01,02,15,22,28,30\02
84	2011070	2011-06-19	01,03,05,12,21,28\12
85	2011069	2011-05-26	02,13,16,18,24,30\12
86	2011068	2011-06-14	03,07,10,15,19,24\10
87	2011067	2011-06-12	17,19,20,24,25,27\12
88	2011066	2011-06-09	04,06,14,17,30,32\12
89	2011065	2011-06-07	04,16,23,25,27,29\03
90	2011064	2011-05-30	03,06,07,29,30,33\02
91	2011063	2011-06-02	04,06,13,15,18,19\05
92	2011062	2011-05-31	04,08,09,10,29,30\03
93	2011061	2011-05-29	02,03,08,13,19,21\03
94	2011060	2011-05-26	10,11,13,21,27,31\01
95	2011059	2011-05-24	24,26,27,29,31,33\16
96	2011058	2011-05-22	07,18,22,30,32,33\06
97	2011057	2011-05-19	04,06,20,21,26,33\02
98	2011056	2011-05-17	13,16,19,20,23,25\10
99	2011055	2011-05-15	08,13,16,17,29,32\16
100	2011054	2011-05-12	08,11,16,17,22,33\08
101	2011053	2011-05-10	03,06,10,12,22,30\15
102	2011052	2011-05-08	04,05,08,19,27,28\08
103	2011051	2011-05-05	01,07,11,14,15,16\14
104	2011050	2011-05-03	04,05,19,22,28,29\15
105	2011049	2011-05-01	01,11,17,18,27,31\14
106	2011048	2011-04-28	10,14,18,25,26,27\15
107	2011047	2011-04-26	04,13,23,25,27,33\14
108	2011046	2011-04-24	09,17,18,26,29,30\08
109	2011045	2011-04-21	02,16,17,20,26,32\08
110	2011044	2011-04-19	03,14,16,26,27,31\09
111	2011043	2011-04-17	04,13,14,17,25,31\04
112	2011042	2011-04-14	05,13,15,17,19,21\15
113	2011041	2011-04-12	04,10,12,13,30,32\13
114	2011040	2011-04-10	05,11,14,24,26,28\13
115	2011039	2011-04-07	03,07,10,16,24,29\13
116	2011038	2011-04-05	02,14,15,19,23,24\12
117	2011037	2011-04-03	01,03,04,06,17,25\11
118	2011036	2011-03-31	02,11,20,22,24,31\05
119	2011035	2011-03-29	13,14,18,20,27,31\02
120	2011034	2011-03-27	13,14,17,19,24,31\08
121	2011033	2011-03-24	02,08,12,13,19,29\04
122	2011032	2011-03-22	03,05,07,13,14,15\15
123	2011031	2011-03-20	16,17,24,28,29,32\12
124	2011030	2011-03-17	02,09,19,24,25,33\10
125	2011029	2011-03-15	01,04,09,10,20,31\07
126	2011028	2011-03-13	01,04,05,14,16,17\01
127	2011027	2011-03-10	13,18,21,22,25,26\01
128	2011026	2011-03-08	07,08,17,19,21,26\12
129	2011025	2011-03-06	08,25,26,31,32,33\09
130	2011024	2011-03-03	05,07,10,19,26,31\14
131	2011023	2011-03-01	02,03,06,21,22,25\05
132	2011022	2011-02-27	02,07,14,16,17,21\05
133	2011021	2011-02-24	01,02,14,18,25,31\08
134	2011020	2011-02-22	12,16,17,19,24,30\05
135	2011019	2011-02-20	02,04,12,19,32,33\16
136	2011018	2011-02-17	13,15,18,28,30,33\01
137	2011017	2011-02-15	02,06,15,23,26,33\08
138	2011016	2011-02-13	03,04,16,17,22,29\13
139	2011015	2011-02-10	03,06,13,26,27,29\07
140	2011014	2011-02-01	05,07,10,11,23,26\16
141	2011013	2011-01-30	01,03,13,16,21,22\08
142	2011012	2011-01-27	07,08,11,13,15,26\13
143	2011011	2011-01-25	01,12,18,19,21,24\10
144	2011010	2011-01-23	01,04,05,09,15,19\13
145	2011009	2011-01-20	17,18,23,24,25,26\04
146	2011008	2011-01-18	10,12,13,17,24,31\15
147	2011007	2011-01-16	01,09,17,24,26,31\05
148	2011006	2011-01-13	01,03,05,13,16,18\05
149	2011005	2011-01-11	06,09,12,14,20,22\13
150	2011004	2011-01-09	04,06,08,10,13,26\05
151	2011003	2011-01-06	13,14,21,22,23,27\04
152	2011002	2011-01-04	06,08,12,17,28,33\05
153	2011001	2011-01-02	03,09,20,24,26,32\10
