1	2016153	2016-12-29	07,09,16,24,25,29\06
2	2016152	2016-12-27	02,08,09,16,20,22\07
3	2016151	2016-12-25	06,11,16,20,22,33\07
4	2016150	2016-12-22	02,04,05,09,13,21\05
5	2016149	2016-12-20	03,20,23,26,32,33\07
6	2016148	2016-12-18	01,02,11,20,26,30\14
7	2016147	2016-12-15	04,14,18,28,31,32\12
8	2016146	2016-12-13	03,07,15,16,17,23\10
9	2016145	2016-12-11	01,03,07,12,19,20\06
10	2016144	2016-12-08	04,10,12,27,32,33\05
11	2016143	2016-12-06	06,09,23,24,25,33\13
12	2016142	2016-12-04	01,10,17,21,23,30\12
13	2016141	2016-12-01	04,13,15,17,21,24\15
14	2016140	2016-11-29	01,02,05,17,26,32\10
15	2016139	2016-11-27	01,06,19,26,28,30\03
16	2016138	2016-11-24	07,16,20,24,25,30\07
17	2016137	2016-11-22	01,06,09,10,15,32\14
18	2016136	2016-11-20	02,07,10,20,27,29\03
19	2016135	2016-11-17	02,08,10,18,20,33\12
20	2016134	2016-11-15	11,12,13,14,18,33\13
21	2016133	2016-11-13	15,16,21,22,27,33\15
22	2016132	2016-11-10	05,08,13,19,27,28\07
23	2016131	2016-11-08	04,10,18,19,25,27\02
24	2016130	2016-11-06	03,17,21,23,27,28\01
25	2016129	2016-11-03	05,06,08,21,31,33\14
26	2016128	2016-11-01	04,09,11,17,26,27\13
27	2016127	2016-10-30	07,12,17,26,29,31\16
28	2016126	2016-10-27	02,06,12,17,18,19\10
29	2016125	2016-10-25	01,06,08,20,27,30\03
30	2016124	2016-10-23	09,15,21,24,27,32\10
31	2016123	2016-10-20	07,09,12,14,20,27\16
32	2016122	2016-10-18	15,22,23,24,28,29\08
33	2016121	2016-10-16	02,03,10,23,25,28\09
34	2016120	2016-10-13	02,05,06,21,25,28\09
35	2016119	2016-10-11	09,19,21,30,31,32\04
36	2016118	2016-10-09	09,14,22,23,31,33\14
37	2016117	2016-10-06	03,10,14,17,28,33\02
38	2016116	2016-10-04	07,18,20,23,27,31\13
39	2016115	2016-10-02	06,08,20,22,26,27\09
40	2016114	2016-09-29	05,16,20,22,27,29\09
41	2016113	2016-09-27	01,11,16,17,20,26\14
42	2016112	2016-09-25	06,12,14,15,18,25\12
43	2016111	2016-09-22	02,04,07,14,15,32\04
44	2016110	2016-09-20	05,07,28,31,32,33\08
45	2016109	2016-09-18	09,11,15,16,27,33\05
46	2016108	2016-09-15	02,03,07,08,19,26\16
47	2016107	2016-09-13	06,11,18,26,27,32\01
48	2016106	2016-09-11	04,05,13,22,25,30\04
49	2016105	2016-09-08	08,10,19,27,28,31\16
50	2016104	2016-09-06	05,09,11,18,30,31\04
51	2016103	2016-09-04	01,05,13,19,24,27\11
52	2016102	2016-09-01	05,08,10,14,17,30\13
53	2016101	2016-08-30	01,03,19,24,32,33\01
54	2016100	2016-08-28	03,10,22,23,27,29\04
55	2016099	2016-08-25	01,11,21,23,27,33\06
56	2016098	2016-08-23	02,08,25,29,31,32\06
57	2016097	2016-08-21	06,13,25,26,28,31\01
58	2016096	2016-08-18	06,13,14,21,22,24\16
59	2016095	2016-08-16	01,05,09,12,18,32\12
60	2016094	2016-08-14	06,07,10,12,18,31\10
61	2016093	2016-08-11	06,09,15,17,25,27\09
62	2016092	2016-08-09	02,13,15,23,24,29\06
63	2016091	2016-08-07	04,08,14,22,23,28\07
64	2016090	2016-08-04	02,13,17,20,21,26\07
65	2016089	2016-08-02	01,03,14,30,31,32\08
66	2016088	2016-07-31	03,14,16,18,25,33\15
67	2016087	2016-07-28	02,03,10,11,14,21\12
68	2016086	2016-07-26	09,10,11,12,15,32\05
69	2016085	2016-07-24	01,12,19,20,21,25\16
70	2016084	2016-07-21	02,04,12,18,24,26\05
71	2016083	2016-07-19	09,16,17,24,30,31\04
72	2016082	2016-07-17	06,12,14,15,17,20\09
73	2016081	2016-07-14	02,06,15,25,30,32\07
74	2016080	2016-07-12	01,16,17,24,25,32\14
75	2016079	2016-07-10	01,03,10,12,24,28\02
76	2016078	2016-07-07	02,04,08,23,26,29\02
77	2016077	2016-07-05	01,09,17,19,20,29\10
78	2016076	2016-07-03	07,08,13,22,30,32\01
79	2016075	2016-06-30	01,03,06,16,29,32\07
80	2016074	2016-06-28	06,10,11,12,20,25\12
81	2016073	2016-06-26	09,11,12,15,16,20\13
82	2016072	2016-06-23	05,16,19,22,24,25\02
83	2016071	2016-06-21	19,21,26,28,29,32\01
84	2016070	2016-06-19	03,06,11,18,23,29\01
85	2016069	2016-06-16	08,10,11,20,21,27\11
86	2016068	2016-06-14	08,19,23,28,31,32\01
87	2016067	2016-06-12	09,13,18,20,27,31\04
88	2016066	2016-06-09	03,07,13,18,19,20\05
89	2016065	2016-06-07	13,16,22,25,26,27\14
90	2016064	2016-06-05	03,12,14,17,19,26\03
91	2016063	2016-06-02	16,17,18,23,28,32\07
92	2016062	2016-05-31	12,13,15,18,19,21\09
93	2016061	2016-05-29	05,06,08,18,20,32\08
94	2016060	2016-05-26	04,05,22,26,29,32\08
95	2016059	2016-05-24	04,11,12,20,25,28\15
96	2016058	2016-05-22	03,05,18,20,24,32\11
97	2016057	2016-05-19	07,12,19,22,23,26\11
98	2016056	2016-05-17	03,04,08,11,16,18\14
99	2016055	2016-05-15	05,06,10,16,22,26\11
100	2016054	2016-05-12	06,11,16,19,28,32\04
101	2016053	2016-05-10	02,08,10,12,29,31\01
102	2016052	2016-05-08	01,06,13,19,24,28\16
103	2016051	2016-05-05	01,02,04,09,15,33\12
104	2016050	2016-05-03	09,12,24,28,29,30\02
105	2016049	2016-05-01	06,08,13,14,22,27\10
106	2016048	2016-04-28	03,08,13,14,15,30\04
107	2016047	2016-04-26	02,05,08,15,17,22\16
108	2016046	2016-04-24	07,20,25,26,27,30\14
109	2016045	2016-04-21	04,09,12,17,30,32\03
110	2016044	2016-04-19	01,03,10,12,18,30\01
111	2016043	2016-04-17	05,14,20,26,30,33\12
112	2016042	2016-04-14	07,14,17,23,26,31\09
113	2016041	2016-04-12	12,17,18,21,22,24\04
114	2016040	2016-04-10	03,13,19,20,23,26\03
115	2016039	2016-04-07	01,03,07,18,19,27\16
116	2016038	2016-04-05	03,12,13,22,28,29\03
117	2016037	2016-04-03	06,15,26,31,32,33\16
118	2016036	2016-03-31	03,04,07,09,20,22\03
119	2016035	2016-03-29	04,13,19,20,26,29\11
120	2016034	2016-03-27	03,15,21,22,23,28\15
121	2016033	2016-03-24	06,17,18,20,27,29\15
122	2016032	2016-03-22	08,12,14,15,21,27\15
123	2016031	2016-03-20	03,08,10,19,26,33\03
124	2016030	2016-03-17	10,14,19,22,25,29\12
125	2016029	2016-03-15	12,15,18,20,21,27\15
126	2016028	2016-03-13	06,08,12,21,25,29\01
127	2016027	2016-03-10	11,13,15,17,19,31\05
128	2016026	2016-03-08	04,09,12,28,30,33\01
129	2016025	2016-03-06	04,11,12,17,24,30\12
130	2016024	2016-03-03	02,05,07,14,18,31\13
131	2016023	2016-03-01	03,06,10,19,25,29\07
132	2016022	2016-02-28	04,09,19,22,23,30\07
133	2016021	2016-02-25	09,11,13,22,24,26\05
134	2016020	2016-02-23	01,02,10,12,22,24\10
135	2016019	2016-02-21	06,13,16,17,23,30\10
136	2016018	2016-02-18	12,13,14,17,21,25\04
137	2016017	2016-02-16	05,06,08,20,22,30\05
138	2016016	2016-02-14	01,20,22,24,25,26\16
139	2016015	2016-02-04	01,02,14,22,25,26\07
140	2016014	2016-02-02	02,08,10,18,20,27\07
141	2016013	2016-01-31	07,12,21,22,26,31\01
142	2016012	2016-01-28	07,12,14,16,27,32\15
143	2016011	2016-01-26	03,08,10,15,22,29\12
144	2016010	2016-01-24	02,04,12,14,19,25\06
145	2016009	2016-01-21	10,14,24,25,27,32\04
146	2016008	2016-01-19	02,15,24,29,32,33\02
147	2016007	2016-01-17	05,12,14,20,27,29\06
148	2016006	2016-01-14	13,16,18,20,28,31\12
149	2016005	2016-01-12	11,14,18,20,31,33\14
150	2016004	2016-01-10	08,10,17,22,25,33\12
151	2016003	2016-01-07	01,10,14,23,26,28\01
152	2016002	2016-01-05	09,14,17,20,24,30\16
153	2016001	2016-01-03	06,13,16,18,20,22\13
