1	2010153	2010-12-09	03,06,12,19,30,31\13
2	2010152	2010-12-09	04,09,17,21,25,31\01
3	2010151	2010-12-09	02,13,14,17,19,26\14
4	2010150	2010-12-09	02,17,18,23,29,30\06
5	2010149	2010-12-09	02,07,08,16,25,30\09
6	2010148	2010-12-09	01,03,07,18,23,27\12
7	2010147	2010-12-09	02,08,15,18,24,30\03
8	2010146	2010-12-09	01,17,18,22,25,32\01
9	2010145	2010-12-09	03,21,24,27,28,31\08
10	2010144	2010-12-09	02,03,08,15,19,21\11
11	2010143	2010-12-07	09,16,18,26,30,31\14
12	2010142	2010-12-05	02,16,18,23,26,27\10
13	2010141	2010-12-02	02,03,07,18,23,27\06
14	2010140	2010-11-30	01,12,13,18,26,29\15
15	2010139	2010-11-28	11,13,18,20,26,31\09
16	2010138	2010-11-25	01,21,23,24,26,30\05
17	2010137	2010-11-23	07,09,10,13,19,33\06
18	2010136	2010-11-21	04,10,23,24,26,33\10
19	2010135	2010-11-18	04,10,13,25,26,30\10
20	2010134	2010-11-16	09,15,16,22,27,28\06
21	2010133	2010-11-14	03,09,17,21,26,32\01
22	2010132	2010-11-11	02,10,12,18,24,33\15
23	2010131	2010-11-09	05,06,15,16,19,26\06
24	2010130	2010-11-07	01,02,07,15,21,31\16
25	2010129	2010-11-04	04,08,14,25,28,32\16
26	2010128	2010-11-02	04,11,19,20,24,28\12
27	2010127	2010-10-31	01,04,08,17,25,33\01
28	2010126	2010-10-28	03,13,18,20,27,28\05
29	2010125	2010-10-26	06,07,13,23,28,29\09
30	2010124	2010-10-24	02,06,08,11,12,25\02
31	2010123	2010-10-21	06,12,15,18,29,32\10
32	2010122	2010-10-19	02,09,12,16,25,27\06
33	2010121	2010-10-17	08,11,13,18,25,30\15
34	2010120	2010-10-14	01,02,05,06,10,29\16
35	2010119	2010-10-12	07,17,25,27,30,31\09
36	2010118	2010-10-10	05,08,11,13,15,25\05
37	2010117	2010-10-07	01,08,20,22,24,28\01
38	2010116	2010-10-05	05,09,10,20,22,26\07
39	2010115	2010-10-03	01,22,24,25,29,33\15
40	2010114	2010-09-30	01,08,11,15,17,25\01
41	2010113	2010-09-28	05,10,15,18,20,28\10
42	2010112	2010-09-26	01,08,18,24,29,30\16
43	2010111	2010-09-23	04,07,08,13,17,18\10
44	2010110	2010-09-21	01,03,12,24,26,27\01
45	2010109	2010-09-19	04,15,18,25,29,32\15
46	2010108	2010-09-16	02,04,08,20,23,24\07
47	2010107	2010-09-14	08,12,15,17,22,33\16
48	2010106	2010-09-12	02,06,08,15,26,29\16
49	2010105	2010-09-09	01,08,09,19,21,31\11
50	2010104	2010-09-07	07,17,23,24,27,32\02
51	2010103	2010-09-05	06,09,14,17,20,33\09
52	2010102	2010-09-02	04,11,16,20,22,29\10
53	2010101	2010-08-31	04,09,18,21,25,26\06
54	2010100	2010-08-29	01,06,12,22,23,26\08
55	2010099	2010-08-26	03,04,17,24,27,30\06
56	2010098	2010-08-24	01,03,08,16,29,33\07
57	2010097	2010-08-22	10,16,18,21,24,26\01
58	2010096	2010-08-19	07,12,21,23,24,28\03
59	2010095	2010-08-17	09,11,16,17,25,27\14
60	2010094	2010-08-15	03,05,07,27,31,32\10
61	2010093	2010-08-12	09,10,19,28,32,33\06
62	2010092	2010-08-10	03,13,19,27,28,30\02
63	2010091	2010-08-08	06,13,16,20,22,24\16
64	2010090	2010-08-05	01,06,10,15,25,31\14
65	2010089	2010-08-03	07,08,09,16,23,26\01
66	2010088	2010-08-01	05,06,15,23,27,30\12
67	2010087	2010-07-29	01,08,16,17,25,30\10
68	2010086	2010-07-27	05,21,28,29,30,31\08
69	2010085	2010-07-25	01,08,12,13,24,27\08
70	2010084	2010-07-22	02,10,14,18,20,30\03
71	2010083	2010-07-20	02,20,21,22,23,31\12
72	2010082	2010-07-18	01,08,13,14,27,31\02
73	2010081	2010-07-15	02,03,09,24,26,27\05
74	2010080	2010-07-13	08,10,13,14,16,23\16
75	2010079	2010-07-11	08,11,12,14,18,22\02
76	2010078	2010-07-08	01,03,09,11,17,23\12
77	2010077	2010-07-06	02,08,14,20,21,24\09
78	2010076	2010-07-04	01,12,14,29,31,32\15
79	2010075	2010-07-01	05,09,12,13,15,22\14
80	2010074	2010-06-29	02,10,17,18,19,29\15
81	2010073	2010-06-27	01,16,20,23,27,31\02
82	2010072	2010-06-24	06,08,22,23,30,31\01
83	2010071	2010-06-22	05,13,14,17,20,26\01
84	2010070	2010-06-20	08,13,23,27,31,33\07
85	2010069	2010-06-17	12,14,20,22,24,32\11
86	2010068	2010-06-15	03,13,18,20,23,28\13
87	2010067	2010-06-13	01,07,10,14,21,25\01
88	2010066	2010-06-10	01,03,21,22,31,32\07
89	2010065	2010-06-08	02,07,08,17,30,32\12
90	2010064	2010-06-06	08,14,25,26,30,31\11
91	2010063	2010-06-03	02,06,10,17,23,24\03
92	2010062	2010-06-01	11,13,15,20,31,33\03
93	2010061	2010-05-30	02,04,16,19,22,26\12
94	2010060	2010-05-27	01,08,15,18,22,27\09
95	2010059	2010-05-25	01,09,11,12,18,30\10
96	2010058	2010-05-23	01,04,11,17,19,29\12
97	2010057	2010-05-20	05,11,12,19,25,32\05
98	2010056	2010-05-18	01,02,03,08,13,32\07
99	2010055	2010-05-16	02,03,13,19,20,23\08
100	2010054	2010-05-13	01,06,08,12,14,25\06
101	2010053	2010-05-11	03,22,24,27,28,30\14
102	2010052	2010-05-09	01,02,19,23,27,29\10
103	2010051	2010-05-06	04,17,23,27,28,32\03
104	2010050	2010-05-04	07,21,22,26,28,30\11
105	2010049	2010-05-02	01,06,10,26,27,28\02
106	2010048	2010-04-29	01,06,08,10,23,33\02
107	2010047	2010-04-27	03,10,13,20,21,32\15
108	2010046	2010-04-25	11,12,21,23,27,32\05
109	2010045	2010-04-22	02,03,04,13,20,29\01
110	2010044	2010-04-20	03,09,21,23,27,31\05
111	2010043	2010-04-18	04,10,19,22,28,33\04
112	2010042	2010-04-15	03,06,11,20,31,32\10
113	2010041	2010-04-13	03,05,13,19,25,29\12
114	2010040	2010-04-11	12,19,24,25,30,32\11
115	2010039	2010-04-08	08,17,21,23,25,32\12
116	2010038	2010-04-06	01,06,07,11,13,16\01
117	2010037	2010-04-04	03,16,19,21,24,26\06
118	2010036	2010-04-01	06,13,14,28,29,30\08
119	2010035	2010-03-30	09,10,11,18,19,21\10
120	2010034	2010-03-28	06,11,13,22,25,32\12
121	2010033	2010-03-25	08,10,11,12,25,29\09
122	2010032	2010-03-23	08,18,21,28,29,33\08
123	2010031	2010-03-21	05,07,13,24,25,28\04
124	2010030	2010-03-18	03,06,10,16,25,31\05
125	2010029	2010-03-16	01,05,14,16,17,22\03
126	2010028	2010-03-14	01,03,06,12,16,32\12
127	2010027	2010-03-11	03,04,15,25,26,30\13
128	2010026	2010-03-09	02,04,05,08,19,22\12
129	2010025	2010-03-07	04,05,07,10,13,25\11
130	2010024	2010-03-04	07,16,26,27,29,31\14
131	2010023	2010-03-02	02,09,11,22,24,27\11
132	2010022	2010-02-28	01,02,18,29,31,32\02
133	2010021	2010-02-25	02,09,16,17,19,25\04
134	2010020	2010-02-23	05,06,14,22,24,26\09
135	2010019	2010-02-21	02,10,22,24,26,27\06
136	2010018	2010-02-11	11,28,29,30,32,33\02
137	2010017	2010-02-09	01,03,06,11,12,23\11
138	2010016	2010-02-07	02,08,10,12,30,33\16
139	2010015	2010-02-04	01,04,16,21,23,28\06
140	2010014	2010-02-02	01,03,07,14,26,28\02
141	2010013	2010-01-31	01,02,03,16,18,23\12
142	2010012	2010-01-28	02,08,13,14,25,33\10
143	2010011	2010-01-26	07,08,14,22,24,30\07
144	2010010	2010-01-24	07,08,12,15,22,26\08
145	2010009	2010-01-21	01,09,13,21,24,32\06
146	2010008	2010-01-19	05,07,13,15,18,30\14
147	2010007	2010-01-17	14,22,27,28,30,33\14
148	2010006	2010-01-14	03,05,07,13,14,18\05
149	2010005	2010-01-12	03,05,06,08,17,18\14
150	2010004	2010-01-10	01,12,13,16,23,28\07
151	2010003	2010-01-07	14,22,26,27,28,31\04
152	2010002	2010-01-05	03,06,07,23,30,33\13
153	2010001	2010-01-03	07,17,18,27,29,32\13
