1	2012154	2012-12-30	05,07,12,16,28,32\04
2	2012153	2012-12-27	04,05,11,21,27,28\10
3	2012152	2012-12-25	10,12,18,22,28,29\07
4	2012151	2012-12-23	05,14,24,25,26,32\01
5	2012150	2012-12-20	09,11,17,23,24,26\07
6	2012149	2012-12-18	01,05,13,25,26,32\13
7	2012148	2012-12-16	03,06,11,17,21,31\07
8	2012147	2012-12-13	02,12,15,23,24,32\09
9	2012146	2012-12-11	01,05,07,13,29,32\13
10	2012145	2012-12-09	05,20,26,27,28,33\03
11	2012144	2012-12-06	03,10,12,13,27,30\04
12	2012143	2012-12-04	07,08,18,25,30,32\06
13	2012142	2012-12-02	05,18,22,28,29,31\06
14	2012141	2012-11-29	03,05,08,19,20,27\09
15	2012140	2012-11-27	14,18,27,30,31,33\15
16	2012139	2012-11-25	08,19,21,24,28,31\15
17	2012138	2012-11-22	01,07,16,17,19,21\14
18	2012137	2012-11-20	01,02,04,06,13,17\07
19	2012136	2012-11-18	02,07,08,17,21,28\11
20	2012135	2012-11-15	02,05,07,08,11,17\16
21	2012134	2012-11-13	02,05,06,07,13,23\15
22	2012133	2012-11-11	01,08,11,20,21,29\02
23	2012132	2012-11-08	07,12,16,17,21,25\10
24	2012131	2012-11-06	06,18,19,26,28,32\12
25	2012130	2012-11-04	01,03,15,20,22,31\03
26	2012129	2012-11-01	01,07,09,17,21,29\01
27	2012128	2012-10-30	05,09,12,29,30,31\05
28	2012127	2012-10-28	01,09,11,21,26,32\08
29	2012126	2012-10-25	03,05,12,15,23,24\07
30	2012125	2012-10-23	08,12,13,26,29,33\01
31	2012124	2012-10-21	06,07,21,25,27,33\11
32	2012123	2012-10-18	08,10,16,25,28,33\09
33	2012122	2012-10-16	12,13,19,22,28,29\11
34	2012121	2012-10-14	01,07,08,20,23,24\11
35	2012120	2012-10-11	01,04,20,24,28,29\16
36	2012119	2012-10-09	12,20,25,26,27,28\13
37	2012118	2012-10-07	05,06,07,12,15,28\11
38	2012117	2012-10-04	13,15,18,20,24,28\09
39	2012116	2012-10-02	03,21,26,29,31,32\03
40	2012115	2012-09-30	03,08,20,24,26,32\14
41	2012114	2012-09-27	01,06,11,26,27,29\15
42	2012113	2012-09-25	03,06,09,13,18,32\06
43	2012112	2012-09-23	08,15,20,21,27,31\06
44	2012111	2012-09-20	02,09,10,20,22,31\13
45	2012110	2012-09-18	03,07,10,13,22,32\09
46	2012109	2012-09-16	02,12,24,26,29,31\03
47	2012108	2012-09-13	01,09,12,13,19,28\13
48	2012107	2012-09-11	11,12,15,24,25,31\09
49	2012106	2012-09-09	13,14,20,22,23,32\16
50	2012105	2012-09-06	06,13,14,15,17,30\04
51	2012104	2012-09-04	04,05,09,10,19,28\03
52	2012103	2012-09-02	04,09,11,14,32,33\02
53	2012102	2012-08-30	13,25,27,28,29,30\15
54	2012101	2012-08-28	09,12,17,18,20,33\02
55	2012100	2012-08-26	05,07,15,18,25,33\10
56	2012099	2012-08-23	08,12,15,16,21,27\16
57	2012098	2012-08-21	02,12,19,26,29,31\09
58	2012097	2012-08-19	05,08,13,14,19,22\06
59	2012096	2012-08-16	04,07,11,16,29,33\07
60	2012095	2012-08-14	17,24,27,28,29,30\02
61	2012094	2012-08-12	06,09,14,16,23,33\15
62	2012093	2012-08-09	03,05,19,21,24,33\13
63	2012092	2012-08-07	06,13,17,18,28,32\03
64	2012091	2012-08-05	01,05,07,08,19,21\16
65	2012090	2012-08-02	02,13,20,25,29,30\11
66	2012089	2012-07-31	03,07,10,13,14,25\11
67	2012088	2012-07-29	03,05,23,24,27,31\15
68	2012087	2012-07-26	03,10,11,13,14,22\09
69	2012086	2012-07-24	08,09,13,15,22,23\08
70	2012085	2012-07-22	05,17,24,30,31,33\05
71	2012084	2012-07-19	02,10,20,26,28,29\14
72	2012083	2012-07-17	04,09,14,15,26,33\04
73	2012082	2012-07-15	02,04,11,18,22,29\06
74	2012081	2012-07-12	02,05,10,24,25,29\06
75	2012080	2012-07-10	04,09,14,15,16,27\03
76	2012079	2012-07-08	06,07,12,24,30,33\12
77	2012078	2012-07-05	08,15,22,24,28,33\12
78	2012077	2012-07-03	02,04,13,18,26,28\12
79	2012076	2012-07-01	11,18,22,27,29,30\15
80	2012075	2012-06-28	04,06,22,23,29,32\11
81	2012074	2012-06-26	15,16,18,19,28,32\08
82	2012073	2012-06-24	04,07,09,10,17,27\05
83	2012072	2012-06-21	02,03,07,09,13,30\06
84	2012071	2012-06-19	03,04,19,21,22,23\08
85	2012070	2012-06-17	02,03,04,24,31,32\11
86	2012069	2012-06-14	08,10,11,18,20,29\06
87	2012068	2012-06-12	05,17,22,26,32,33\10
88	2012067	2012-06-10	04,05,10,21,26,30\16
89	2012066	2012-06-07	01,02,09,26,29,33\12
90	2012065	2012-06-05	08,10,18,19,27,31\14
91	2012064	2012-06-03	05,10,11,16,23,24\11
92	2012063	2012-05-31	02,10,17,19,24,27\12
93	2012062	2012-05-29	02,13,16,17,20,31\07
94	2012061	2012-05-27	03,08,11,12,14,18\14
95	2012060	2012-05-24	07,10,13,16,17,29\01
96	2012059	2012-05-22	04,13,21,22,26,31\01
97	2012058	2012-05-20	03,06,15,20,25,26\04
98	2012057	2012-05-17	03,05,19,21,27,31\04
99	2012056	2012-05-15	04,07,14,17,26,31\10
100	2012055	2012-05-13	04,06,13,20,24,28\01
101	2012054	2012-05-10	06,14,18,20,30,33\14
102	2012053	2012-05-08	04,15,22,25,27,33\04
103	2012052	2012-05-06	02,03,05,06,20,24\04
104	2012051	2012-05-03	02,12,14,17,30,31\09
105	2012050	2012-05-01	07,13,15,17,19,24\11
106	2012049	2012-04-29	04,12,13,19,20,32\02
107	2012048	2012-04-26	01,05,14,22,24,30\10
108	2012047	2012-04-24	06,07,11,16,32,33\11
109	2012046	2012-04-22	04,12,19,20,23,33\06
110	2012045	2012-04-19	08,11,20,21,27,30\09
111	2012044	2012-04-17	06,09,10,14,22,25\03
112	2012043	2012-04-15	02,09,11,21,26,33\03
113	2012042	2012-04-12	05,06,11,19,24,28\16
114	2012041	2012-04-10	08,11,15,20,24,32\02
115	2012040	2012-04-08	03,08,09,22,25,31\10
116	2012039	2012-04-05	01,02,05,13,22,29\08
117	2012038	2012-04-03	09,10,11,15,19,33\16
118	2012037	2012-04-01	05,14,19,24,28,33\09
119	2012036	2012-03-29	02,11,13,18,19,26\09
120	2012035	2012-03-27	09,11,12,21,24,26\05
121	2012034	2012-03-25	02,03,08,23,32,33\16
122	2012033	2012-03-22	02,03,15,16,17,27\04
123	2012032	2012-03-20	01,02,10,17,22,24\04
124	2012031	2012-03-18	04,16,22,24,27,31\03
125	2012030	2012-03-15	09,10,17,18,21,31\08
126	2012029	2012-03-13	04,07,15,25,26,28\03
127	2012028	2012-03-11	10,15,20,21,28,30\11
128	2012027	2012-03-08	04,16,22,25,30,31\12
129	2012026	2012-03-06	03,07,09,15,24,25\16
130	2012025	2012-03-04	03,08,09,17,25,27\06
131	2012024	2012-03-01	04,12,19,21,25,28\13
132	2012023	2012-02-28	05,09,15,23,24,33\02
133	2012022	2012-02-26	04,08,12,24,26,27\04
134	2012021	2012-02-23	01,15,16,18,22,30\03
135	2012020	2012-02-21	03,08,12,18,23,29\11
136	2012019	2012-02-19	07,14,18,20,22,30\16
137	2012018	2012-02-16	03,05,06,22,26,32\15
138	2012017	2012-02-14	06,09,14,19,25,28\10
139	2012016	2012-02-12	02,05,12,17,22,25\08
140	2012015	2012-02-09	01,03,06,10,21,23\15
141	2012014	2012-02-07	01,02,05,16,28,30\12
142	2012013	2012-02-05	06,08,24,29,30,32\13
143	2012012	2012-02-02	15,17,18,20,23,27\01
144	2012011	2012-01-31	04,14,15,16,20,26\05
145	2012010	2012-01-29	01,03,13,19,25,26\10
146	2012009	2012-01-19	04,16,24,26,27,33\11
147	2012008	2012-01-17	01,12,20,23,24,29\08
148	2012007	2012-01-15	10,17,19,27,28,32\04
149	2012006	2012-01-12	02,22,25,29,32,33\08
150	2012005	2012-01-10	07,09,18,27,31,33\06
151	2012004	2012-01-08	01,05,10,11,21,23\16
152	2012003	2012-01-05	03,06,08,24,29,31\09
153	2012002	2012-01-03	02,03,07,09,10,32\13
154	2012001	2012-01-01	01,04,05,09,15,17\06
